55
     6.60 6.65
     6.65 6.70
     6.70 6.75
     6.75 6.80
     6.80 6.85
     6.85 6.90
     6.90 6.95
     6.95 7.00
     7.00 7.05
     7.05 7.10
     7.10 7.15
     7.15 7.20
     7.20 7.25
     7.25 7.30
     7.30 7.35
     7.35 7.40
     7.40 7.45
     7.45 7.50
     7.50 7.55
     7.55 7.60
     7.60 7.65
     7.65 7.70
     7.70 7.75
     7.75 7.80
     7.80 7.85
     7.85 7.90
     7.90 7.95
     7.95 8.00
     8.00 8.05
     8.05 8.10
     8.10 8.15
     8.15 8.20
     8.20 8.25
     8.25 8.30
     8.30 8.35
     8.35 8.40
     8.40 8.45
     8.45 8.50
     8.50 8.55
     8.55 8.60
     8.60 8.65
     8.65 8.70
     8.70 8.75
     8.75 8.80
     8.80 8.85
     8.85 8.90
     8.90 8.95
     8.95 9.00
     9.00 9.05
     9.05 9.10
     9.10 9.15
     9.15 9.20
     9.20 9.25
     9.25 9.30
     9.30 10.15
